0600:0756,0756,0756,0741,0732,0741,0732,0741,0732,0753,0753,0754,0754,0752,0751,0750,0750,0751,0752,0753,0753,0754,0754,0754,0754,0754,0754,0770,0741,0732,0741,0732,0741,0732,0741,0732,0730,0731,0731,0732,0732,0732,0731,0730,0732,0733,0731,0730,0741,0742,0743,0733,0733,0733,0733,0731,0731,0731,0731,0732,0732,0732,0733,0733,0731,0732,0732,0731,0731,0730,0730,0730,0730,0730,0732,0733,0731,0730,0732,0733,0731,0730,0732,0733,0731,0751,0751,0751,0751,0751,0751,0752,0752,0753,0753,0733,0733,0733,0751,0761,0761,0761,0761,0761,0760,0761,0761,0761,0224,0224,0224,0612,0612,0731,0731,0731,0612,0732,0732,0733,0733,0731,0731,0734,0734,0722,0721,0720,0723,0741,0724,0725,0724,0722,0721,0720,0737,0742,0737,0740,0736,0743,0751,0750,0744,0733,0733,0733,0733,0733,0751,0737,0736,0736,0736,0736,0736,0742,0732,0737,0742,0730,0740,
0601:0740,0730,0732,0732,0737,0740,0730,0730,0736,0760,01400,0761,0400,
0602:0601,0732,0740,0730,0736,0740,
0603:0741,0732,0742,0732,0741,0732,0741,0733,0733,0733,0730,
0604:0603,0603,0603,0603,0734,0731,0731,0731,0731,
0605:0604,0721,0722,0604,0723,0604,0724,0604,
0606:0605,0730,0730,0730,0730,0730,0736,0736,0605,0736,0605,
0607:0722,0736,0736,0742,0732,0742,0732,0742,0732,0737,0743,0733,0733,0727,0741,0753,0736,0721,0732,0742,0732,0742,0732,0742,0732,0737,0743,0733,0733,0752,0754,0736,0723,0732,0742,0732,0742,0732,0742,0732,0737,0743,0733,0733,0755,0737,
0610:0742,0732,
0611:0610,0610,0610,0610,
0612:0736,0736,0736,0732,0737,0732,0732,0611,0732,0732,0736,0733,0737,0737,0737,0740,0733,0733,
