01730:0333,0200,0336,0330,0332,0322,0335,0340,0220,0334,0320,0333,0331,0337,
01731:0333,0200,0336,0330,0332,0334,0322,0220,0335,0340,0331,0333,0337,0320,
01732:0333,0200,0336,0330,0332,0325,0220,0340,0333,0331,0337,0320,
01733:0333,0200,0336,0330,0332,0335,0335,0325,0220,0340,0335,0335,0320,0333,0331,0337,
01734:0333,0200,0336,0330,0332,0326,0335,0335,0340,0335,0306,0350,0334,0304,0306,0220,0306,0350,0335,0304,0335,0331,0333,0337,0320,
01735:0333,0200,0336,0330,0332,0326,0340,0335,0306,0350,0334,0220,0306,0350,0334,0334,0304,0320,0331,0333,0337,
01736:0333,0200,0336,0330,0332,0336,0335,0342,0335,0335,0342,0335,0333,0333,0331,0331,0337,0337,
01737:0333,0200,0336,0330,0332,0336,0342,0335,0342,0335,0342,0335,0342,0335,0333,0333,0331,0331,0337,0337,
01740:0333,0200,0336,0330,0332,0336,0336,0333,0331,0337,0200,0330,0335,0306,0350,0334,0342,0330,0335,0335,0335,0335,0201,0335,0335,0201,0335,0335,0335,0335,0330,0335,0335,0330,0334,0334,0334,0334,0334,0201,0334,0201,0335,0335,0335,0335,0331,0331,0331,0336,0330,0304,0333,0333,0333,0333,0333,0337,0337,0337,
01741:0333,0200,0336,0330,0336,0332,0332,0341,0336,0350,0335,0350,0343,0211,0211,0343,0210,0210,0334,0334,0304,0337,0337,0333,0331,0337,
01742:0333,0200,0336,0330,0332,0336,0331,0335,0335,0333,0336,0366,0332,0332,0332,0332,0367,0335,0335,0201,0201,0201,0366,0332,0332,0332,0332,0367,0335,0335,0366,0332,0332,0332,0332,0367,0333,0333,0333,0333,0201,0201,0201,0335,0335,0331,0331,0333,0333,0333,0333,0333,0333,0337,0337,0337,
01743:0333,0200,0336,0330,0332,0336,0331,0335,0335,0332,0336,0366,0333,0333,0333,0333,0367,0335,0335,0337,0337,0306,0350,0335,0201,0335,0335,0335,0335,0201,0335,0336,0304,0335,0335,0336,0332,0336,0330,0337,0337,0306,0350,0334,0342,0304,0336,0336,0336,0333,0331,0337,0337,0337,0342,0336,0336,0336,0330,0332,0337,0337,0337,0306,0350,0335,0304,0336,0333,0331,0333,0333,0331,0331,0336,0330,0337,0337,0337,0337,
01744:0333,0200,0336,0330,0332,0336,0336,0336,0332,0337,0337,0331,0332,0101,0102,0103,0365,0336,0331,0332,0335,0362,0203,0203,0203,0203,0203,0203,0336,0203,0334,0337,0203,0203,0203,0203,0334,0203,0203,0203,0203,0203,0203,0336,0203,0334,0337,0203,0203,0203,0203,0354,0335,0335,0330,0330,0330,0330,0335,0306,0350,0334,0201,0335,0201,0201,0201,0201,0201,0201,0335,0335,0335,0335,0342,0342,0334,0201,0201,0201,0201,0335,0342,0335,0335,0335,0335,0335,0330,0330,0330,0330,0334,0334,0334,0330,0330,0330,0330,0330,0330,0334,0330,0335,0335,0335,0335,0304,0330,0330,0336,0330,0330,0332,0337,0337,0337,0337,0333,0331,
01750:0333,0200,0336,0330,0332,0325,0340,0222,0333,0331,0337,
01751:0333,0200,0336,0330,0332,0325,0221,0333,0331,0337,
01752:0333,0200,0336,0330,0332,0334,0306,0350,0334,0304,0326,0222,0306,0350,0326,0340,0335,0335,0335,0335,0335,0335,0342,0334,0334,0304,0333,0331,0337,0320,
01753:0333,0200,0336,0330,0332,0334,0306,0350,0334,0326,0221,0335,0335,0326,0340,0342,0306,0350,0335,0304,0320,0334,0333,0331,0337,
01754:0333,0200,0336,0330,0332,0334,0322,0335,0335,0222,0322,0340,0335,0320,0333,0331,0337,0335,0335,0331,0333,
01755:0333,0200,0336,0330,0332,0335,0335,0322,0340,0334,0221,0335,0331,0333,0337,0335,0335,0331,0333,
